metzcs 0 0.5,12.5,8.5,2.5,7.5,2.5,0.5,9.5,2.5,1.5 1000:8bd6d665a324f0290fbafb42770ba699839946502355f7a5:652500627cf15f694cd061f1672b98242db56a37f23511cc
metzia 8 3.5,0.5,12.5,9.5,3.5,10.5,1.5,12.5,11.5,11.5 1000:cf507de9622791f5f776a14d94741f044813d981b9d474b6:ea6b30a4358e9e1a26ddf3500409d75634173c05966a3cd8
metzcs12 3 11.5,3.5,11.5,12.5,6.5,2.5,4.5,6.5,9.5,5.5,8.5,11.5,6.5,3.5 1000:8b89626825d46bcbc8d8a9b39e5f74b3139b92980e5255dd:8475643ce2ef456599cbd49daca13890d548e7aa5a25ade3
halo 8 0.5,12.5,8.5,4.5,6.5,11.5,9.5,3.5,6.5,8.5 1000:ba4b323be037c8996a7868e1ac91fb06eca80c23243a2fea:2795f3cfa6f187d1119742f57fd32c9f9baf8c11205659c9
metzia1 7 11.5,6.5,4.5,6.5,12.5,4.5,8.5,11.5,2.5,11.5 1000:f7dca505f21654a756679bb8ed4c73f4fb87655079d433ac:c421aa819677e00ab3955f0fe5b85633762b2be7edd1c011
metz 6 7.5,5.5,11.5,9.5,7.5,2.5,9.5,10.5,12.5,4.5 1000:0d6d8d9a164d0bfc4a3737a0f700402b79e283f41da56b36:41e0ffe4384a44b5b0b7de1baff6df8b349dc98a6d7193df
hellsep 4 11.5,0.5,1.5,2.5,0.5,11.5,2.5,0.5,0.5,0.5 1000:ba72b5d748d37f4a87b61803dbbe8fd0c24c8060e47c04c2:e97e242d6b59ff75be48f9ff909e6fe70499cf4dd6127f4f
cassd 0 6.5,9.5,11.5,12.5,5.5,0.5,6.5,10.5,8.5,10.5 1000:035f77374f2492644e2afd92f716dae261c55b93fef79b82:ef9d8833137f09d9e3d5a3f9dd2731b22d10e57d5448aad6
sean 2 6.5,4.5,0.5,4.5,3.5,3.5,6.5,7.5,2.5,7.5 1000:2e3de7c06eddbaf53082591c39d728269ec78826203ba9b2:d96088c72dddec5454ab5194e6cc9708ea414bfaf2879dbe
chongkon 8 5.5,8.5,3.5,6.5,11.5,2.5,7.5,5.5,12.5,9.5,3.5,11.5,11.5,3.5 1000:ba4891e4d7fcbeaba9f3193c54cea47893eeda96995befd0:d7b626b7ab1118bcaa37e1aeadd1671b5be434b232c80e23
penang 6 2.5,9.5,12.5,11.5,3.5,9.5,0.5,2.5,9.5,10.5,2.5,3.5,7.5,8.5,3.5,2.5 1000:bc53ae2f0ed38d29246eb24af4befde455183a655ea75e56:5484f6ccc16592a8e7293b408a28549f1b4e5f7ee31edf33
boss 1 7.5,7.5,7.5,7.5,7.5,7.5,7.5,7.5,7.5,7.5,9.5,7.5 1000:f0d9fb0f48f4c161f8c7e32e08b08aafebb3c85ad0f945c1:08c5ae9a51641fc9f031098d06ff7524908618a68f8a9ec4
new 4 1.5,0.5,7.5,4.5,2.5,11.5,2.5,2.5,1.5,5.5 1000:97af2d7a07f69bedc8a37fbe7e8e3257c050303a4dbd182c:dd768bb596e15b30200a257a6d1bb0dd96e56ff526b7b531
mike 6 2.5,12.5,5.5,11.5,7.5,9.5,8.5,8.5,2.5,9.5 1000:31d9c65203b37b04963fcfa542d3ed77e4a69383fcf355ed:dffe0a736bfc44e98cdbf21c4f4e212740306c38696bdfd6
seanbean 2 9,10,9,2,19,13,1,7,7,9 1000:9612d513cf1ed31b632cbea2e1437cc11e012c49a7ec25e3:02280999346731a5413d8ab440ad18067f46ffd0a52a798b
add 4 10,17,9,15,6,16,13,9,6,8 1000:bb85403ddf84bc7fcf5187d65b6731e8c960f22a3d50f37e:ab4a88299dea7597a6faa46640057b382a1662d9cdfbca57
evian024 5 0,12,14,16,13,10,2,8,9,8 1000:78dc34c2d7c883cf34914705fe235259aff6a23b550bd2e0:97b2708b78041ad941cffa74374f041c37ceae612c7470fc
hiyou 2 8,13,8,1,19,12,2,11,10,8 1000:e49a5fe46302a5309323a35a022346282782ec83df75828f:6d5c4f4d9c5d2e6c5109deec44e886de0d05499c4687a10a
TestUser91 1 12,9,0,14,16,16,17,14,6,16 1000:eace66fc95f4863bc1bfa7b24382967d4d7264c1b95a6bfc:9ba6610b94bedceca1a07b34db80d37d533da366c2ea08f5
uuuiii 0 9,14,17,0,8,13,4,16,17,16,9,13 1000:49dc31977956271f7dff8d8ff6ed655004c23913a33c483d:98e150323370e160fc0b4e591fd0872e4f38f4aa845d8b4e
uuuiii1 0 6,18,16,17,12,16,12,3,0,13,10,9 1000:4874c4bfc5433aa1d23c873e704022c02fcfabdb45c272ab:0e0e1d1ede74204f1ff1c7e662a21e26d0202ef5b3be1878
tommy 2 19,18,3,2,18,18,18,16,10,3 1000:9342dbbfecc6ee38f21a88bd126a68f30a3ce7c48552d5d9:bc843a887637bfa7725fb24a7b471ac5ea83a1681d2ecea0
tester5 6 5,3,1,3,0,19,5,4,3,5,11,14 1000:3c7db44fce41b1dee88b58cf7158d2de00b44c42182d11e0:dd0f032db5c54719ba864bac62c3424054196223a5ab3644
Baws92 0 10,18,16,3,2,12,4,6,9,15 1000:7ff8d1e698b482e369cb0e0cb26b7bf32d31b5f670637ef8:6709e0a2ab61398b675e913c5422995c544f41af9a00dad7
usersuser 4 7,19,5,7,10,18,12,8,2,14 1000:05657db0dc464186deda153926cc2f5f7548bf3eb3ac404d:b9c99b4db22eb69f01fe13fb8e912c26519ac3f25bc150fd
def 8 2,9,2,9,11,7,11,7,11,7 1000:73c872bcfd8a904475e1998f2c1ffb588e61851dc8f93662:157b41d3719401692485fd623f69888e2d7a5a0fbb8c96c6
lacy 8 5,2,4,9,2,14,3,15,3,15 1000:5fea0fa4d41baa951916c4bcc9737a3ded772ef62c62419e:07ad2f2503ad763051b1512f4271563023eadff54ac2f45a
test1 6 26,27,11,28,39,36 1000:0d9b46a97e8421b7eac69d746694022f8483d60aa725c892:feab1fdfa467c24e9580df7fbd9d8a3a00e9e837e2bebae0
test2 6 27,28,11,28,15,5 1000:254b7e0735a6bc480e56ab7fb91fded32f37732248931dfc:e347b182b0e1e4790d92deded543946e65c1c9a7b2dfd341
test3 6 22,23,22,23,22,23 1000:ae7e9d7b534f5d24db6a50646e37046b177c6255fd9a0692:129872f44121fc9c76061ca309c6a2435d2bc6391545d057
fastest 6 11,10,12,0,14,2,5,6,8,10 1:3ed0e9cccf80d48cd5678d6eac72d3cd392370613241cb89:44811d864b1fea0f97f83e67093df48bb1087df686e0598d
fastester 6 11,11,2,11,19,17,13,6,6,7 1:543d093ffd24974e7345da46a8133c7fdeb834a2effede1f:58d789061d2e60cae1a1924d044769360264a3e7574e1295
hut 0 7,18,8,18,1,6,17,5,13,12 1:d89b9eca4e4d45c2f1d38faa532af7948e271dc976d1ab8e:94f3926640b9ccc657aea13637dc562d22527126cc5cbecc
newuser 0 13,3,5,19,3,7,5,11,13,4 1:4128cc2d0b3623bb4e85d323ac642ba171e58e989c881d3c:a031252409e30974b909e9086749b556a77eb84dae09bd3d
